translation {
  x: 7.27166
  y: 0.159666
  z: 1.62425
}
rotation {
  x: -0.505874
  y: 0.491891
  z: -0.498292
  w: 0.503825
}
