translation {
  x: -7.28219
  y: 0.00587702
  z: 1.65978
}
rotation {
  x: -0.496728
  y: -0.505796
  z: 0.506572
  w: 0.490731
}
