translation {
  x: 7.29465
  y: -1.24605
  z: 1.82285
}
rotation {
  x: 0.178567
  y: 0.678373
  z: -0.692897
  w: -0.166783
}
