translation {
  x: 7.23404
  y: 1.67609
  z: 1.61781
}
rotation {
  x: 0.677074
  y: 0.197702
  z: -0.206701
  w: -0.678056
}
