translation {
  x: -7.09379
  y: -2.02754
  z: 1.55129
}
rotation {
  x: 0.201957
  y: -0.69414
  z: 0.660779
  w: -0.201878
}
