translation {
  x: -7.23467
  y: 1.6425
  z: 1.70158
}
rotation {
  x: 0.668122
  y: -0.174626
  z: 0.182062
  w: -0.69998
}
